model_id=ultraface-rfb-320
sha256=34CD7E60AEFF28744C657DE7A3DC64E872D506741DE66987F3426F2B79F88017
byte_size=1270727
operator_count=452
0	input	Source
1	base_net.0.0.weight	Const(16,3,3,3,F32 -0.51358867, -0.5710613, -0.45024854, -0.46930194, -0.56376356, -0.41701356, -0.4557745, -0.55505, -0.4518325, 0.32733378, 0.32108644, 0.26962522..., None)
2	base_net.0.1.weight	Const(16,F32 0.64032346, 0.5351641, 0.2177146, 0.116612874, 0.124556616, 0.19459538, 0.9063154, 0.15843418, 0.16282311, 0.25384846, 0.18310831, 0.14932214..., None)
3	base_net.0.1.bias	Const(16,F32 0.045743644, -0.23648772, 0.43702242, 0.46837515, 0.4809833, 0.38526344, 0.33808503, 0.6890051, 0.40584534, 0.14787666, 0.48300314, 0.62116474..., None)
4	base_net.0.1.running_mean	Const(16,F32 -0.18854709, 0.19290337, -0.005203894, 0.008201653, -0.012592485, -0.22548956, 0.17796384, -0.0032441162, -0.066305585, 0.014731247, 0.26945397, -0.022127118..., None)
5	base_net.0.1.running_var	Const(16,F32 1.3832986, 0.45929024, 0.11952286, 0.064701326, 0.06289276, 0.6552965, 2.132535, 0.38955954, 0.19720797, 0.07146615, 0.8386953, 0.40595958..., None)
6	base_net.0.1.num_batches_tracked	Const(,I64 86296, None)
7	base_net.1.0.weight	Const(16,1,3,3,F32 -0.28932774, -0.27182686, -0.25126624, 0.17645295, 0.99454707, 0.15895656, -0.18849167, 0.23348899, -0.17876896, -0.17062734, -0.14883299, -0.07001258..., None)
8	base_net.1.1.weight	Const(16,F32 0.42429096, 0.29515022, 0.58194, 0.5405216, 0.5534749, 0.3624199, 0.5340697, 0.80101466, 0.6825392, 0.47230268, 0.4380787, 0.6611185..., None)
9	base_net.1.1.bias	Const(16,F32 0.1719221, 0.11742678, 0.03224036, -0.00072782155, -0.019447777, 0.45637193, 0.50125617, -0.041073166, 0.18374698, 0.3030656, 0.49796185, 0.47963968..., None)
10	base_net.1.1.running_mean	Const(16,F32 0.09478465, 0.012067914, 0.102334894, -0.14830911, -0.13287154, 0.12584233, -0.18564405, -0.6483557, -0.04335769, 0.044761527, -0.025925307, -0.49163604..., None)
11	base_net.1.1.running_var	Const(16,F32 0.035088707, 0.010406048, 0.039645832, 0.011964821, 0.013050496, 0.023595072, 0.090305485, 0.030387549, 0.021924598, 0.021795219, 0.01682327, 0.024658566..., None)
12	base_net.1.3.weight	Const(32,16,1,1,F32 0.007916427, 0.12388547, 0.47370517, 0.094499834, -0.18647465, -0.1442988, -0.049454488, 0.038128316, -0.15569507, -0.48998496, 0.40967572, 0.49256307..., None)
13	base_net.1.4.weight	Const(32,F32 0.41270506, 0.16964798, 0.22478391, 0.5350979, 0.5158036, 0.4425353, 0.3636152, 0.46431658, 0.10993838, 0.5157402, 0.50423753, 0.25318912..., None)
14	base_net.1.4.bias	Const(32,F32 0.04083558, 0.23390315, 0.34312195, -0.2471969, -0.16903615, 0.021509757, 0.18147944, -0.009594886, 0.35304746, 0.01228219, -0.17081627, 0.21538131..., None)
15	base_net.1.4.running_mean	Const(32,F32 0.60306674, -0.31723598, 0.15147072, -1.3222681, -0.51873577, 0.23663697, 0.9129367, -0.1309662, -0.24971874, -0.3334029, -0.3275609, 0.38781813..., None)
16	base_net.1.4.running_var	Const(32,F32 0.13416249, 0.07372322, 0.098964214, 0.20241429, 0.274592, 0.16285881, 0.16124797, 0.17431943, 0.07930599, 0.42162514, 0.19295567, 0.07757888..., None)
17	base_net.2.0.weight	Const(32,1,3,3,F32 0.15676898, 0.197772, 0.09013162, 0.31814003, 0.38720575, 0.11895241, 0.18758638, 0.23038828, 0.03536604, 0.068460084, -0.11561423, -0.14440182..., None)
18	base_net.2.1.weight	Const(32,F32 0.39267, 0.3570167, 0.42034635, 0.275554, 0.37586397, 0.3114217, 0.3642222, 0.37427723, 0.3153382, 0.32327858, 0.33473814, 0.35655594..., None)
19	base_net.2.1.bias	Const(32,F32 0.35484603, 0.017382175, 0.025004676, 0.24458335, 0.26248473, 0.4369774, 0.46726683, 0.29370952, 0.31780344, 0.52250224, 0.2699578, 0.35453182..., None)
20	base_net.2.1.running_mean	Const(32,F32 0.23422374, -0.054349024, 0.012027811, 0.06836138, 0.10348291, 0.2296749, 0.3931913, 0.24666028, 0.12199611, 0.27496025, 0.084470645, -0.2384285..., None)
21	base_net.2.1.running_var	Const(32,F32 0.0907223, 0.007905771, 0.016795859, 0.009638383, 0.02141304, 0.03440998, 0.08531949, 0.158787, 0.00415994, 0.031085044, 0.016648808, 0.024303913..., None)
22	base_net.2.3.weight	Const(32,32,1,1,F32 0.03573102, -0.21078879, 0.33138335, 0.028138017, 0.19333623, 0.1455565, 0.19451362, 0.242428, -0.17316431, 0.33068657, -0.01902529, 0.007647469..., None)
23	base_net.2.4.weight	Const(32,F32 0.11042114, 0.33842093, 0.2670234, 0.16220136, 0.26915056, 0.1612788, 0.18443294, 0.1972361, 0.2320349, 0.14120167, 0.28568882, 0.20226398..., None)
24	base_net.2.4.bias	Const(32,F32 0.1623241, -0.14395787, 0.2764979, 0.29451996, 0.2069811, 0.29902303, 0.18838896, 0.31956828, 0.29657742, 0.2868178, 0.20775242, 0.13278632..., None)
25	base_net.2.4.running_mean	Const(32,F32 0.6042555, -0.8758766, 0.48427925, 0.21288227, 0.2528439, -0.66232675, -0.5585706, -0.22997528, -0.014510674, -0.5674343, 0.47092563, -0.1652312..., None)
26	base_net.2.4.running_var	Const(32,F32 0.10836243, 0.10317807, 0.13868895, 0.10578633, 0.14274527, 0.24862587, 0.25569502, 0.07389278, 0.22319652, 0.21295163, 0.144834, 0.048609752..., None)
27	base_net.3.0.weight	Const(32,1,3,3,F32 0.07476886, 0.2697533, 0.10313055, 0.18735878, -0.69919384, -0.4842631, 0.020173546, 0.051508036, 0.104666375, -0.028918343, -0.18321577, -0.08975266..., None)
28	base_net.3.1.weight	Const(32,F32 0.3754193, 0.19770104, 0.45652843, 0.30520052, 0.32632715, 0.6127585, 0.38685384, 0.37176147, 0.37732652, 0.51245505, 0.249567, 0.3785459..., None)
29	base_net.3.1.bias	Const(32,F32 0.43011484, 0.68035537, 0.10187145, 0.5630312, 0.26198828, 0.05370708, 0.29187348, 0.052259747, 0.5150606, -0.07028407, 0.5379848, -0.054853726..., None)
30	base_net.3.1.running_mean	Const(32,F32 -0.06315049, -0.05193096, -0.2651753, -0.17328806, 0.113650225, -0.17888334, 0.11734829, -0.08211045, -0.22398186, -0.004574893, 0.028647354, 0.011404685..., None)
31	base_net.3.1.running_var	Const(32,F32 0.007421968, 0.0050331894, 0.03146315, 0.011183359, 0.029458595, 0.0165148, 0.02922719, 0.01182108, 0.038235694, 0.008414682, 0.007103888, 0.008837376..., None)
32	base_net.3.3.weight	Const(32,32,1,1,F32 0.03812741, -0.05596212, 0.016600024, 0.087285854, 0.024207706, -0.4631645, 0.24654423, 0.19628097, 0.071405806, -0.0077863308, 0.03480935, -0.08764878..., None)
33	base_net.3.4.weight	Const(32,F32 0.1445493, 0.21421985, 0.27735087, 0.2685324, 0.29537725, 0.23518632, 0.38132304, 0.31702244, 0.13302495, 0.28729936, 0.21185654, 0.34180573..., None)
34	base_net.3.4.bias	Const(32,F32 0.27088457, 0.15751183, -0.20972492, 0.1639029, 0.20859797, 0.12638055, -0.19388995, -0.07319293, 0.30101725, -0.07901697, 0.11722511, -0.12050441..., None)
35	base_net.3.4.running_mean	Const(32,F32 0.22719926, -0.26147333, -0.15604892, -0.26871052, 0.8234309, -0.022808094, -0.27045554, 0.14474274, 0.50142586, -0.30377898, -0.04198249, -0.17315452..., None)
36	base_net.3.4.running_var	Const(32,F32 0.093627416, 0.06843229, 0.036416482, 0.093132004, 0.12589116, 0.06266396, 0.11023039, 0.09541641, 0.060598888, 0.083685845, 0.041316014, 0.08818292..., None)
37	base_net.4.0.weight	Const(32,1,3,3,F32 0.06757206, 0.33531302, 0.049144104, 0.1711168, 0.4136333, -0.06692193, 0.05791604, 0.077593595, -0.15748265, 0.15486641, 0.20910469, 0.08768932..., None)
38	base_net.4.1.weight	Const(32,F32 0.30974466, 0.31649444, 0.15516569, 0.37783986, 0.33228162, 0.24575427, 0.2564307, 0.34302005, 0.35742947, 0.20343277, 0.22176981, 0.2786088..., None)
39	base_net.4.1.bias	Const(32,F32 0.6223325, 0.3568456, 0.47238708, 0.5233831, 0.70066494, 0.4637672, 0.2181183, 0.26257846, 0.30351028, 0.9501133, 0.3549659, 0.265922..., None)
40	base_net.4.1.running_mean	Const(32,F32 0.2545328, 0.2213619, -0.000007515711, -0.28245947, -0.40276524, 0.14082299, 0.07501162, 0.10573086, -0.37490416, -0.076477356, 0.13365209, 0.1367065..., None)
41	base_net.4.1.running_var	Const(32,F32 0.014373112, 0.021078432, 0.0027437818, 0.045647267, 0.052698802, 0.009870743, 0.008019034, 0.017417084, 0.010078404, 0.0073359166, 0.016291227, 0.03241417..., None)
42	base_net.4.3.weight	Const(64,32,1,1,F32 -0.22785585, 0.19442919, -0.036602557, -0.007768933, 0.124843575, 0.025072346, -0.02712799, 0.037224557, -0.18704896, 0.13142279, 0.28536317, 0.13517433..., None)
43	base_net.4.4.weight	Const(64,F32 0.11708156, 0.09450676, 0.21903013, 0.042894896, 0.08489523, 0.11334703, 0.14861353, 0.12485064, 0.13071044, 0.20697461, 0.19054966, 0.15285899..., None)
44	base_net.4.4.bias	Const(64,F32 0.23302172, 0.38369498, 0.114949964, 0.20212667, 0.3119883, 0.20572971, 0.1894178, 0.27206188, 0.26798445, -0.023539076, 0.22196779, 0.09154229..., None)
45	base_net.4.4.running_mean	Const(64,F32 0.47589052, -0.24039732, -0.31262305, -0.28115743, -0.017735671, -0.13931146, -0.2781177, 0.16082099, 0.6377583, 0.1509571, 0.08667349, -0.4500743..., None)
46	base_net.4.4.running_var	Const(64,F32 0.042054646, 0.03846493, 0.07163582, 0.04764281, 0.03840968, 0.035435934, 0.043810125, 0.061024558, 0.03941456, 0.04613002, 0.05475348, 0.044590734..., None)
47	base_net.5.0.weight	Const(64,1,3,3,F32 -0.06155951, 0.037557162, -0.07273942, -0.22022533, -0.2583176, 0.065595545, 0.06227866, 0.4165712, 0.34672114, 0.041362382, 0.34861004, 0.069198035..., None)
48	base_net.5.1.weight	Const(64,F32 0.2704688, 0.34925455, 0.26044998, 0.2525043, 0.27933314, 0.2421029, 0.28177577, 0.3553801, 0.3093922, 0.30327588, 0.2965181, 0.34338352..., None)
49	base_net.5.1.bias	Const(64,F32 0.2506017, 0.16131501, 0.17543632, 0.5957898, 0.38915095, 0.29534864, 0.24145998, 0.13753027, 0.13254331, 0.13090624, 0.10706794, -0.068964586..., None)
50	base_net.5.1.running_mean	Const(64,F32 0.06674138, -0.03864482, 0.0159812, 0.16041894, -0.14754114, 0.13903385, 0.08896821, 0.09450576, 0.082366265, 0.032314308, -0.015127554, 0.056078497..., None)
51	base_net.5.1.running_var	Const(64,F32 0.005797463, 0.005292199, 0.008935758, 0.0009778342, 0.002253404, 0.0043859724, 0.0049940962, 0.0052963835, 0.006093103, 0.0021598754, 0.0068252743, 0.003019089..., None)
52	base_net.5.3.weight	Const(64,64,1,1,F32 0.095001094, -0.044285815, 0.051383916, -0.0054406365, -0.02993637, -0.028964376, 0.03593888, -0.0060366425, -0.01508904, -0.13992794, 0.27835354, -0.30095106..., None)
53	base_net.5.4.weight	Const(64,F32 0.21131235, 0.19528918, 0.14870623, 0.26876068, 0.19510661, 0.26696676, 0.20267211, 0.11919065, 0.21579008, 0.14061064, 0.166291, 0.21293913..., None)
54	base_net.5.4.bias	Const(64,F32 0.11597957, 0.025293434, 0.20834707, -0.23282753, -0.017166717, -0.33554584, 0.023135807, 0.2521542, 0.03991269, 0.18606204, 0.15657234, -0.019747296..., None)
55	base_net.5.4.running_mean	Const(64,F32 -0.029789193, -0.11687956, -0.056758016, -0.4253603, -0.063225076, -0.30436936, 0.20012, 0.2512448, 0.44533986, -0.15034579, 0.3153807, -0.078508586..., None)
56	base_net.5.4.running_var	Const(64,F32 0.056866802, 0.038945142, 0.02887386, 0.06477791, 0.029031307, 0.038021784, 0.036685985, 0.037557203, 0.04105641, 0.036599584, 0.05429134, 0.036474384..., None)
57	base_net.6.0.weight	Const(64,1,3,3,F32 0.32116768, 0.14238746, 0.070525244, 0.29641533, -0.026590072, -0.066160396, 0.06501334, -0.107643634, 0.03787544, -0.0028390007, 0.065311685, 0.060486272..., None)
58	base_net.6.1.weight	Const(64,F32 0.30769384, 0.3064932, 0.3250055, 0.1935377, 0.20984927, 0.21771641, 0.31595474, 0.28006878, 0.43236664, 0.2741337, 0.35150003, 0.3329442..., None)
59	base_net.6.1.bias	Const(64,F32 -0.030332666, 0.1299292, 0.29870507, 0.06775939, 0.24561764, -0.17590421, -0.0005123883, 0.34987047, -0.14443494, 0.21882321, 0.15934967, 0.063626535..., None)
60	base_net.6.1.running_mean	Const(64,F32 0.11055456, 0.059646457, -0.026330378, 0.032622356, 0.035691194, 0.0044395314, 0.049909383, 0.0046899472, 0.003463834, -0.100192785, 0.078328654, 0.045368034..., None)
61	base_net.6.1.running_var	Const(64,F32 0.007950228, 0.0041680657, 0.003579696, 0.0028514096, 0.0024549472, 0.00015517451, 0.0030495077, 0.004184712, 0.006341245, 0.0026381193, 0.00643845, 0.002597966..., None)
62	base_net.6.3.weight	Const(64,64,1,1,F32 0.031708155, -0.05984831, -0.02343691, 0.13878079, 0.006458413, -0.05049374, -0.16242664, -0.04068751, -0.108842775, -0.09015459, 0.043627195, 0.030154372..., None)
63	base_net.6.4.weight	Const(64,F32 0.22433013, 0.35631534, 0.29520294, 0.23258434, 0.42796242, 0.26439866, 0.28543255, 0.29923412, 0.21539773, 0.35950983, 0.3900998, 0.41461846..., None)
64	base_net.6.4.bias	Const(64,F32 -0.051220465, -0.17870386, -0.12606703, 0.15128121, -0.36433262, -0.11514282, -0.15186442, -0.03802084, 0.20860666, -0.078616336, -0.29543337, -0.471327..., None)
65	base_net.6.4.running_mean	Const(64,F32 -0.29132307, -0.37766394, -0.13691224, -0.033311274, -0.40077245, -0.1429017, -0.14810833, -0.20756792, -0.53731954, -0.2032415, 0.017174548, -0.16220722..., None)
66	base_net.6.4.running_var	Const(64,F32 0.03724822, 0.039594516, 0.0302059, 0.044158474, 0.04515504, 0.042282134, 0.036438644, 0.04546767, 0.061499268, 0.037899524, 0.057473075, 0.039590303..., None)
67	base_net.7.branch0.0.conv.weight	Const(8,64,1,1,F32 0.17677097, -0.076131046, -0.1308714, -0.057404317, -0.144812, -0.11374515, 0.14967245, 0.07938282, -0.030491292, -0.07509021, -0.0730966, 0.13640258..., None)
68	base_net.7.branch0.0.bn.weight	Const(8,F32 0.3115379, 0.3364179, 0.3474695, 0.30214757, 0.32774794, 0.29192764, 0.29967713, 0.28270745, None)
69	base_net.7.branch0.0.bn.bias	Const(8,F32 -0.15389599, 0.029020147, -0.08540286, -0.24990764, -0.11311199, 0.011300897, -0.14156583, -0.20146605, None)
70	base_net.7.branch0.0.bn.running_mean	Const(8,F32 -0.18113643, -0.14622776, 0.3319128, -0.043693747, 0.013899376, -0.0006546701, -0.36265886, -0.06613433, None)
71	base_net.7.branch0.0.bn.running_var	Const(8,F32 0.015924368, 0.025084466, 0.027379293, 0.015184401, 0.022718841, 0.01192871, 0.014978835, 0.012937647, None)
72	base_net.7.branch0.1.conv.weight	Const(16,8,3,3,F32 -0.051438108, -0.014428763, -0.16329928, -0.033815533, -0.023761408, -0.19495009, 0.050178815, 0.06584485, 0.0008714902, -0.05163434, 0.065880746, 0.030046875..., None)
73	base_net.7.branch0.1.bn.weight	Const(16,F32 0.25759986, 0.2217657, 0.27280116, 0.3139541, 0.28570586, 0.3579028, 0.30524713, 0.38811117, 0.25412026, 0.1968341, 0.18090689, 0.18133245..., None)
74	base_net.7.branch0.1.bn.bias	Const(16,F32 -0.35200107, 0.010121561, -0.2899318, -0.40140554, -0.32155034, -0.5301736, -0.10198773, -0.40128815, -0.13796972, -0.027835272, 0.28120545, 0.21832241..., None)
75	base_net.7.branch0.1.bn.running_mean	Const(16,F32 0.09345937, -0.031528164, 0.11854439, -0.16507667, -0.049034562, -0.11264989, -0.1539125, -0.1191056, -0.028647946, 0.2473389, -0.2959605, -0.03937142..., None)
76	base_net.7.branch0.1.bn.running_var	Const(16,F32 0.04444071, 0.05783457, 0.07274816, 0.07596139, 0.048184022, 0.085872225, 0.12023666, 0.10262023, 0.09857094, 0.051955536, 0.060015664, 0.05609545..., None)
77	base_net.7.branch0.2.conv.weight	Const(16,16,3,3,F32 0.20283544, 0.13664939, 0.052829266, -0.088970475, -0.03040925, 0.024218671, 0.044008475, 0.08930642, 0.08918841, 0.041520357, 0.020727681, -0.030335786..., None)
78	base_net.7.branch0.2.bn.weight	Const(16,F32 0.27949348, 0.2657632, 0.28001165, 0.2549865, 0.30758598, 0.2779364, 0.2525422, 0.26519373, 0.26245898, 0.25500977, 0.2491942, 0.27914813..., None)
79	base_net.7.branch0.2.bn.bias	Const(16,F32 -0.0000000195934, -0.0000000053931797, -0.000000039871253, 0.0000000050528786, 0.00000010702583, -0.0000000070770048, 0.000000046246427, -0.0000000059283223, 0.000000035582254, -0.000000045876597, -0.00000005736032, 0.000000004347684..., None)
80	base_net.7.branch0.2.bn.running_mean	Const(16,F32 0.13082545, -0.04530273, 0.20574455, 0.046431758, 0.38061422, -0.10560388, -0.10688655, -0.1432561, 0.20012052, 0.08300242, -0.12066039, 0.0043215984..., None)
81	base_net.7.branch0.2.bn.running_var	Const(16,F32 0.011278255, 0.010590634, 0.016027983, 0.005727673, 0.014578211, 0.0076469085, 0.008663403, 0.0108935665, 0.0099625485, 0.0067534084, 0.009815826, 0.01375388..., None)
82	base_net.7.branch1.0.conv.weight	Const(8,64,1,1,F32 -0.14295644, 0.069290124, -0.088261835, -0.001089302, -0.009213051, 0.158576, 0.15240063, 0.046919722, 0.09601211, 0.04357368, -0.0696075, -0.008079364..., None)
83	base_net.7.branch1.0.bn.weight	Const(8,F32 0.2392035, 0.26170844, 0.26595226, 0.2901039, 0.25831375, 0.24847056, 0.24249035, 0.3025473, None)
84	base_net.7.branch1.0.bn.bias	Const(8,F32 0.20232102, 0.24955148, -0.03276938, -0.27681226, 0.08962213, 0.07555049, -0.17272557, -0.13127033, None)
85	base_net.7.branch1.0.bn.running_mean	Const(8,F32 0.26313958, 0.26023376, -0.01174008, 0.05742937, 0.0021966451, 0.02341808, -0.1319434, -0.008089621, None)
86	base_net.7.branch1.0.bn.running_var	Const(8,F32 0.011670664, 0.014010321, 0.01812065, 0.016069882, 0.016884178, 0.011918136, 0.011477512, 0.022893056, None)
87	base_net.7.branch1.1.conv.weight	Const(16,8,3,3,F32 -0.030426549, -0.05953598, -0.066127814, -0.104115054, -0.086625956, 0.001610972, -0.17513846, -0.12586309, -0.048930213, -0.0033071195, -0.051762562, -0.043013055..., None)
88	base_net.7.branch1.1.bn.weight	Const(16,F32 0.2940835, 0.24533653, 0.35310757, 0.1862862, 0.3073775, 0.27875534, 0.37399685, 0.29632303, 0.33608896, 0.18378647, 0.3105224, 0.28789002..., None)
89	base_net.7.branch1.1.bn.bias	Const(16,F32 -0.081154265, 0.02866157, -0.26779494, 0.24522318, -0.14724584, -0.110991925, -0.20442566, -0.07419058, -0.20255883, 0.18189137, -0.14602515, -0.08867014..., None)
90	base_net.7.branch1.1.bn.running_mean	Const(16,F32 -0.42785725, -0.096937254, 0.12287387, -0.46075368, 0.07105146, -0.27738518, 0.026147107, -0.396357, 0.00025343453, -0.09760753, -0.07262572, -0.015616887..., None)
91	base_net.7.branch1.1.bn.running_var	Const(16,F32 0.04775979, 0.037499577, 0.039988678, 0.06766097, 0.041718747, 0.06168043, 0.0723065, 0.042489536, 0.048823267, 0.04225235, 0.028775223, 0.050101016..., None)
92	base_net.7.branch1.2.conv.weight	Const(16,16,3,3,F32 0.06234514, 0.029350247, 0.057057653, -0.07922979, 0.1785483, -0.05487609, -0.037800357, -0.04345869, -0.033076297, -0.04916226, 0.021481108, -0.0044581713..., None)
93	base_net.7.branch1.2.bn.weight	Const(16,F32 0.2850022, 0.25451243, 0.21716142, 0.280182, 0.23501755, 0.27687287, 0.23898187, 0.24247077, 0.23526256, 0.24822663, 0.24301064, 0.22737013..., None)
94	base_net.7.branch1.2.bn.bias	Const(16,F32 -0.000000056806417, -0.000000023635202, 0.000000046860652, -0.00000004715911, -0.0000000033084493, 0.00000006556426, -0.000000020170264, -0.000000016171963, 0.000000016069084, -0.000000031913803, 0.00000001190962, 0.000000008772431..., None)
95	base_net.7.branch1.2.bn.running_mean	Const(16,F32 0.22614247, 0.21930878, 0.039376676, 0.13974021, -0.08949, -0.016977878, -0.058987588, 0.12124381, -0.003565384, 0.015886955, -0.035585064, -0.06544534..., None)
96	base_net.7.branch1.2.bn.running_var	Const(16,F32 0.01689597, 0.015184044, 0.008693091, 0.011366563, 0.006959311, 0.016745899, 0.009684934, 0.009618444, 0.010009509, 0.011214468, 0.008298681, 0.0059105675..., None)
97	base_net.7.branch2.0.conv.weight	Const(8,64,1,1,F32 -0.073917665, -0.07811633, -0.10337729, 0.09301738, 0.027565584, 0.012359824, 0.12965494, 0.06878792, 0.047326252, 0.04461684, 0.058331948, 0.21032429..., None)
98	base_net.7.branch2.0.bn.weight	Const(8,F32 0.34714147, 0.33278927, 0.30320525, 0.32590953, 0.37028793, 0.2750876, 0.28764522, 0.3094613, None)
99	base_net.7.branch2.0.bn.bias	Const(8,F32 -0.041980654, 0.35094228, 0.018608393, -0.1667362, 0.032373127, 0.21872856, 0.06302833, 0.14548542, None)
100	base_net.7.branch2.0.bn.running_mean	Const(8,F32 0.019035185, -0.10806647, -0.020542812, -0.08324729, 0.3014, 0.07624217, -0.009326075, -0.19063702, None)
101	base_net.7.branch2.0.bn.running_var	Const(8,F32 0.02458101, 0.025888862, 0.019989047, 0.012178895, 0.020214077, 0.01759527, 0.019114124, 0.011774195, None)
102	base_net.7.branch2.1.conv.weight	Const(12,8,3,3,F32 -0.13162746, 0.12591524, -0.058161315, -0.051926408, 0.07780043, -0.014090203, 0.052025687, -0.023472108, 0.07422394, -0.046188947, -0.028413326, -0.14088154..., None)
103	base_net.7.branch2.1.bn.weight	Const(12,F32 0.33142385, 0.2633569, 0.38782018, 0.35582727, 0.47946557, 0.41078013, 0.2980505, 0.4650967, 0.41903585, 0.32921472, 0.4054755, 0.3327838, None)
104	base_net.7.branch2.1.bn.bias	Const(12,F32 0.082172535, 0.109945215, -0.14833894, 0.033434447, -0.3074404, -0.3031466, 0.26341146, -0.30759794, -0.23112264, -0.061160058, -0.22225983, -0.01418153, None)
105	base_net.7.branch2.1.bn.running_mean	Const(12,F32 -0.41833973, -0.20786679, 0.1306555, 0.027525267, 0.035811737, 0.09637006, 0.12207686, -0.39955887, 0.008737573, -0.2042957, -0.18607207, -0.25472158, None)
106	base_net.7.branch2.1.bn.running_var	Const(12,F32 0.14861888, 0.09905403, 0.07358373, 0.08390091, 0.097089775, 0.08065924, 0.083137155, 0.14557756, 0.10367987, 0.075950146, 0.07505982, 0.099349394, None)
107	base_net.7.branch2.2.conv.weight	Const(16,12,3,3,F32 -0.006871176, -0.056248117, -0.13994296, 0.015065342, -0.08404735, -0.14664502, 0.01688952, -0.0055259713, 0.031847246, -0.036241245, -0.038162544, -0.056910735..., None)
108	base_net.7.branch2.2.bn.weight	Const(16,F32 0.36224735, 0.2962023, 0.29061264, 0.5364318, 0.32490006, 0.2726954, 0.2152922, 0.20362054, 0.32881805, 0.29441753, 0.23649462, 0.3632564..., None)
109	base_net.7.branch2.2.bn.bias	Const(16,F32 0.08765111, 0.21391723, 0.18206744, -0.12042041, 0.052017484, 0.098510236, 0.3798137, 0.16731326, -0.043514945, -0.0073927315, 0.3034939, 0.13089211..., None)
110	base_net.7.branch2.2.bn.running_mean	Const(16,F32 -0.0078979535, -0.28275502, -0.18611854, -0.119632766, 0.08664912, -0.28937978, -0.18561167, -0.06982373, 0.07270996, 0.099937275, -0.31376752, -0.102495104..., None)
111	base_net.7.branch2.2.bn.running_var	Const(16,F32 0.031120129, 0.060060754, 0.03845748, 0.050910376, 0.03021544, 0.046338256, 0.035317477, 0.0437517, 0.027767729, 0.034618165, 0.081284866, 0.036194403..., None)
112	base_net.7.branch2.3.conv.weight	Const(16,16,3,3,F32 0.042168416, 0.00023388125, 0.008309591, 0.1209581, 0.01703022, 0.077956595, -0.07201207, -0.03858216, -0.03619605, 0.059573922, -0.027098717, -0.030132582..., None)
113	base_net.7.branch2.3.bn.weight	Const(16,F32 0.28240892, 0.2830943, 0.25671622, 0.24964936, 0.26247877, 0.27723804, 0.2652396, 0.24708153, 0.28933948, 0.31217137, 0.27072328, 0.26318988..., None)
114	base_net.7.branch2.3.bn.bias	Const(16,F32 -0.0000000070321566, 0.000000011215809, 0.000000024145375, 0.000000023147212, 0.000000025526306, 0.000000037840337, -0.00000000045259105, 0.000000014437692, 0.00000006967575, -0.000000115379336, 0.0000000079515114, -0.000000007943102..., None)
115	base_net.7.branch2.3.bn.running_mean	Const(16,F32 0.29540986, -0.18615024, 0.32371205, 0.05134333, 0.03046397, 0.37097102, 0.06722083, -0.0593016, -0.06931811, 0.45240632, -0.48647642, -0.041508187..., None)
116	base_net.7.branch2.3.bn.running_var	Const(16,F32 0.043966334, 0.040876392, 0.020551661, 0.032804318, 0.030160177, 0.043212835, 0.03732874, 0.030666843, 0.04272518, 0.05995378, 0.02368757, 0.027391596..., None)
117	base_net.7.ConvLinear.conv.weight	Const(64,48,1,1,F32 0.08174713, 0.19046098, 0.16541272, 0.007173367, -0.009565065, -0.056624655, 0.054355934, 0.060281213, 0.012492347, -0.023079777, 0.12421964, -0.0016593926..., None)
118	base_net.7.ConvLinear.bn.weight	Const(64,F32 0.1460184, 0.09518248, 0.58547115, 0.4936927, 0.23495285, 0.32991284, 0.46887144, 0.3328967, 0.32559595, 0.20534852, 0.17229769, 0.39613065..., None)
119	base_net.7.ConvLinear.bn.bias	Const(64,F32 0.35577342, 0.37962916, -0.45553377, 0.088837676, 0.0771031, 0.2709383, 0.085850194, 0.10261966, 0.3586848, 0.08857422, 0.31322947, 0.054296117..., None)
120	base_net.7.ConvLinear.bn.running_mean	Const(64,F32 -0.000000013497017, -0.000000029103472, 0.00000012827068, -0.000000015067199, 0.000000033683524, 0.000000026747056, 0.000000032637498, 0.000000023476296, -0.00000005132914, -0.000000037415997, -0.0000000062659478, 0.000000028124534..., None)
121	base_net.7.ConvLinear.bn.running_var	Const(64,F32 0.010630151, 0.0061168713, 0.079806894, 0.03711686, 0.026696611, 0.019951073, 0.02242818, 0.019655911, 0.027887272, 0.027988885, 0.010305697, 0.025860459..., None)
122	base_net.7.shortcut.conv.weight	Const(64,64,1,1,F32 -0.043254595, 0.08450125, -0.06887599, -0.06270832, -0.005900322, -0.06813949, -0.002958749, -0.010288706, -0.008636456, -0.011266565, 0.006191052, -0.049411613..., None)
123	base_net.7.shortcut.bn.weight	Const(64,F32 0.69757515, 0.68101704, 0.60878175, 0.3309545, 0.15226369, 0.2763929, 0.26752082, 0.2424003, 0.2165242, 0.19921574, 0.4719454, 0.30652112..., None)
124	base_net.7.shortcut.bn.running_mean	Const(64,F32 -0.17490096, -0.20454763, -0.26500997, -0.0015391426, 0.07696511, -0.13952675, 0.036580455, 0.09914408, -0.031526115, -0.14895774, -0.09010311, -0.08970269..., None)
125	base_net.7.shortcut.bn.running_var	Const(64,F32 0.056702428, 0.041768365, 0.03749365, 0.008261965, 0.004148957, 0.0053182677, 0.0039488426, 0.0042460673, 0.0077550015, 0.005956664, 0.01400703, 0.0062752385..., None)
126	base_net.8.0.weight	Const(64,1,3,3,F32 0.0014654362, -0.0014510173, 0.031244999, 0.058071487, 0.10515392, 0.07901805, 0.037320893, 0.077928886, 0.005203328, -0.01368542, 0.12359565, 0.012147492..., None)
127	base_net.8.1.weight	Const(64,F32 0.14199117, 0.17981602, 0.116252966, 0.15647297, 0.22518495, 0.14164782, 0.1398912, 0.18865198, 0.1696302, 0.21044676, 0.17336889, 0.14720349..., None)
128	base_net.8.1.bias	Const(64,F32 0.12837683, 0.06862851, 0.033075977, 0.0856804, 0.1881101, 0.17321232, 0.17381023, 0.03711781, 0.12616058, -0.06801114, 0.10399639, 0.0916188..., None)
129	base_net.8.1.running_mean	Const(64,F32 0.30887958, 0.29648283, 0.009573174, 0.03552833, -0.12264947, -0.22326759, -0.027645309, 0.1575867, -0.30738875, 0.15869214, 0.36557144, 0.12973799..., None)
130	base_net.8.1.running_var	Const(64,F32 0.018265055, 0.013306188, 0.002434141, 0.003681054, 0.00692749, 0.0117116375, 0.0042813206, 0.018252777, 0.014122048, 0.012989078, 0.02403173, 0.018919906..., None)
131	base_net.8.3.weight	Const(128,64,1,1,F32 0.024823116, 0.042101443, 0.06335088, -0.0007267812, 0.021634115, 0.07151928, 0.018595431, 0.039467372, 0.05254732, 0.015434325, 0.066753276, 0.025481943..., None)
132	base_net.8.4.weight	Const(128,F32 0.107972935, 0.105381325, 0.090916604, 0.10159868, 0.119188234, 0.098905124, 0.10107179, 0.09943073, 0.11899752, 0.12318386, 0.24845363, 0.11603427..., None)
133	base_net.8.4.bias	Const(128,F32 -0.07305646, 0.039837796, -0.0024357066, -0.025946992, 0.06550317, 0.039254, 0.023031145, -0.014430083, -0.004161624, 0.042687207, -0.056490254, -0.026023012..., None)
134	base_net.8.4.running_mean	Const(128,F32 0.16086277, 0.034413975, 0.09209397, 0.14589466, 0.020210134, 0.029385513, -0.019994408, -0.047228504, -0.14957595, -0.06452342, 0.05168543, 0.08380865..., None)
135	base_net.8.4.running_var	Const(128,F32 0.0052161203, 0.0036463137, 0.00414034, 0.0028999327, 0.0037435752, 0.0031642679, 0.0033593983, 0.0036763935, 0.0062976936, 0.005678119, 0.005793757, 0.006006493..., None)
136	base_net.9.0.weight	Const(128,1,3,3,F32 -0.10071034, 0.11026417, 0.12445066, -0.06119973, -0.12716721, 0.13972189, -0.058566444, -0.0636518, 0.03673348, -0.04960993, 0.009726969, -0.06775384..., None)
137	base_net.9.1.weight	Const(128,F32 0.15309791, 0.20804033, 0.14534985, 0.17338605, 0.14529897, 0.14533143, 0.12290805, 0.14326592, 0.13828541, 0.16787186, 0.54911685, 0.119721..., None)
138	base_net.9.1.bias	Const(128,F32 0.12130729, 0.025049401, -0.065982416, 0.07350906, 0.03407194, -0.117127046, -0.032965176, 0.03247174, 0.04366311, 0.034499854, -0.21550918, 0.017194701..., None)
139	base_net.9.1.running_mean	Const(128,F32 -0.00012768949, -0.022269206, 0.009103862, -0.0046898914, -0.00043978044, 0.013764698, 0.012910301, 0.009449344, 0.0030381598, -0.013438753, -0.026524132, 0.010827475..., None)
140	base_net.9.1.running_var	Const(128,F32 0.00018362344, 0.00034471447, 0.00012376902, 0.00023044214, 0.00071710726, 0.00033201458, 0.00027234104, 0.0002687694, 0.0003107956, 0.00059404277, 0.0012794213, 0.0003621268..., None)
141	base_net.9.3.weight	Const(128,128,1,1,F32 -0.024226235, -0.046006855, 0.035528634, 0.07526502, 0.042606898, 0.057309844, 0.019725937, -0.023559457, 0.008440387, -0.0035233684, 0.03417445, -0.07476357..., None)
142	base_net.9.4.weight	Const(128,F32 0.11865579, 0.107624434, 0.12342897, 0.13963525, 0.09434601, 0.100710884, 0.075938724, 0.07396412, 0.09297045, 0.077313095, 0.12458646, 0.087653235..., None)
143	base_net.9.4.bias	Const(128,F32 -0.0709756, -0.029434832, -0.076719396, -0.070506625, -0.029013928, -0.015035091, -0.04650852, -0.028809858, -0.05471324, 0.02730899, -0.008228059, 0.040310234..., None)
144	base_net.9.4.running_mean	Const(128,F32 0.0030991666, -0.06571836, -0.14546199, -0.011912202, 0.018204272, -0.009465729, -0.016989078, 0.0009770208, -0.096320346, -0.020897629, -0.06397001, -0.013619159..., None)
145	base_net.9.4.running_var	Const(128,F32 0.002735437, 0.0035296634, 0.0031769741, 0.003341924, 0.002210881, 0.0024138512, 0.0016474257, 0.0016113783, 0.0022982922, 0.0015246671, 0.004126896, 0.0014443136..., None)
146	base_net.10.0.weight	Const(128,1,3,3,F32 -0.10631925, -0.019631265, 0.06035405, -0.1470306, 0.027792135, 0.055802267, -0.09992709, -0.039362814, 0.16845965, 0.011276213, -0.0248507, -0.032101307..., None)
147	base_net.10.1.weight	Const(128,F32 0.13697517, 0.1351695, 0.14644, 0.15334405, 0.15260264, 0.13665095, 0.12533598, 0.11711738, 0.11795414, 0.15238369, 0.14081325, 0.21054633..., None)
148	base_net.10.1.bias	Const(128,F32 0.019681165, -0.0128296, -0.16568245, 0.16200876, -0.037593026, -0.030540051, -0.01948062, -0.022140445, -0.02376034, 0.003972479, -0.08699787, 0.086019374..., None)
149	base_net.10.1.running_mean	Const(128,F32 -0.0018064643, 0.0019964015, 0.004605621, -0.009890661, 0.004060475, 0.003604243, 0.0028098796, 0.004176209, 0.0015801347, 0.009963672, 0.013844851, -0.01602047..., None)
150	base_net.10.1.running_var	Const(128,F32 0.00027689576, 0.00016779779, 0.00009018824, 0.00019280631, 0.00006576094, 0.000099656994, 0.00003442209, 0.000049610997, 0.000044254615, 0.00009022085, 0.0004304897, 0.00026630712..., None)
151	base_net.10.3.weight	Const(128,128,1,1,F32 -0.020583017, -0.040246144, -0.05692639, 0.052901294, 0.03774373, 0.0050501926, -0.027828464, 0.004070344, -0.0102421995, 0.020412132, 0.029851336, -0.0009889959..., None)
152	base_net.10.4.weight	Const(128,F32 0.55185866, 0.11936829, 0.06486774, 0.1342996, 0.6136991, 0.09906387, 0.45548296, 0.48236808, 0.54966575, 0.4825433, 0.1256602, 0.32999587..., None)
153	base_net.10.4.bias	Const(128,F32 0.18063642, 0.027396932, 0.04284281, 0.026231326, 0.15014228, -0.042172782, 0.0692096, 0.13319834, 0.12289714, 0.20283781, -0.029258884, -0.047174525..., None)
154	base_net.10.4.running_mean	Const(128,F32 -0.069768384, -0.0066961464, -0.0011558373, 0.004448443, -0.11925566, -0.015119033, -0.089031875, -0.07562139, -0.12286115, -0.052506097, 0.015629798, -0.04355173..., None)
155	base_net.10.4.running_var	Const(128,F32 0.0010493298, 0.000820302, 0.0010936933, 0.00053276995, 0.0026386683, 0.00085109705, 0.00090922695, 0.0010787114, 0.00225467, 0.00125726, 0.0007615672, 0.0011524189..., None)
156	base_net.11.0.weight	Const(128,1,3,3,F32 -0.018546244, -0.02123478, 0.016362369, -0.020203406, -0.013999279, -0.020313846, 0.038341034, 0.067126475, 0.035857555, -0.063977934, -0.034454502, -0.04825426..., None)
157	base_net.11.1.weight	Const(128,F32 0.10378717, 0.12681812, 0.11887826, 0.116126336, 0.073833704, 0.104567304, 0.11065187, 0.08099992, 0.08403527, 0.11158078, 0.09428943, 0.12139663..., None)
158	base_net.11.1.bias	Const(128,F32 -0.008638311, 0.070375055, 0.013888727, 0.034590553, -0.065045945, 0.013030252, -0.0070147584, -0.0074778185, -0.035024535, -0.042865932, -0.014517024, -0.037047815..., None)
159	base_net.11.1.running_mean	Const(128,F32 0.016953439, -0.015500618, 0.010404407, -0.010458754, 0.06300405, -0.0017739264, -0.0026415577, 0.036956865, 0.057242047, 0.025360754, 0.0035684323, 0.03687037..., None)
160	base_net.11.1.running_var	Const(128,F32 0.0013418649, 0.00017908351, 0.00007250222, 0.00010887892, 0.007196291, 0.000050051407, 0.001972075, 0.0024485553, 0.0052962024, 0.0018233072, 0.00008539735, 0.0019582764..., None)
161	base_net.11.3.weight	Const(256,128,1,1,F32 -0.002406738, 0.015332104, -0.014019932, 0.009317159, -0.011411922, -0.00079100905, 0.0015208216, -0.021204384, -0.026941422, -0.024365434, -0.040005255, -0.028394042..., None)
162	base_net.11.4.weight	Const(256,F32 0.078414336, 0.06342981, 0.06970175, 0.10102307, 0.07334777, 0.07155652, 0.0700286, 0.06416299, 0.12681817, 0.087049365, 0.07411959, 0.06906449..., None)
163	base_net.11.4.bias	Const(256,F32 0.008574951, -0.03204791, -0.010780469, -0.08861711, -0.009651538, -0.010130461, 0.002703228, -0.023798257, -0.022338765, -0.053667728, -0.018552981, -0.030801464..., None)
164	base_net.11.4.running_mean	Const(256,F32 -0.031757466, -0.013634734, 0.006414676, -0.00459726, 0.0026346615, -0.028624462, -0.0034140218, 0.0030351493, -0.00993355, 0.0042737215, -0.008353091, -0.007658391..., None)
165	base_net.11.4.running_var	Const(256,F32 0.00053674955, 0.00024158515, 0.00015603304, 0.0004078534, 0.00019140667, 0.00030482502, 0.00040579325, 0.00026551666, 0.00016590484, 0.0002609812, 0.00025777647, 0.00025909487..., None)
166	base_net.12.0.weight	Const(256,1,3,3,F32 0.00057327637, -0.04533633, -0.053964898, 0.010806498, -0.017697023, -0.0024606586, 0.039269786, 0.03157934, 0.080897026, -0.021540776, 0.040234797, 0.036467385..., None)
167	base_net.12.1.weight	Const(256,F32 0.10170706, 0.09297102, 0.09155837, 0.13410273, 0.08700634, 0.08052548, 0.0837227, 0.08980966, 0.22170836, 0.14059772, 0.121528454, 0.112100504..., None)
168	base_net.12.1.bias	Const(256,F32 -0.052462738, -0.0227904, 0.02281651, 0.089825384, -0.012738749, -0.033320528, -0.059902493, 0.0083563095, -0.06330284, 0.07719335, -0.020595597, -0.02436034..., None)
169	base_net.12.1.running_mean	Const(256,F32 0.0015124144, 0.000010117142, -0.0013132604, -0.003744291, -0.00035760071, -0.0007576856, 0.0035650926, 0.0006386276, -0.009468566, -0.0035824822, -0.0024589272, -0.001537262..., None)
170	base_net.12.1.running_var	Const(256,F32 0.000035672747, 0.0000047782855, 0.000016668879, 0.0001136372, 0.0000139293625, 0.0000111991085, 0.00005012386, 0.0000047690037, 0.00016989425, 0.00006631753, 0.00002796565, 0.000025147294..., None)
171	base_net.12.3.weight	Const(256,256,1,1,F32 0.007664583, -0.00095417514, -0.0012816252, -0.01423439, -0.00033096093, 0.000808229, -0.013988871, -0.0010264458, 0.0014303218, -0.019532774, -0.0038304152, -0.004381874..., None)
172	base_net.12.4.weight	Const(256,F32 0.21608199, 0.13259138, 0.36066315, 0.268423, 0.3232045, 0.2290235, 0.56959826, 0.1892386, 0.26981682, 0.12713774, 0.60475034, 0.30912098..., None)
173	base_net.12.4.bias	Const(256,F32 0.030076234, 0.04843825, 0.11653747, 0.011518069, -0.030183354, 0.046850692, 0.1933091, -0.024039336, 0.07937242, 0.019195447, 0.13628954, 0.0808934..., None)
174	base_net.12.4.running_mean	Const(256,F32 -0.019666977, -0.001778119, -0.004610821, -0.00078674615, 0.0043742512, 0.0029381525, 0.0010949257, -0.017763615, -0.010894713, -0.008959476, -0.070279576, -0.024294633..., None)
175	base_net.12.4.running_var	Const(256,F32 0.000026264925, 0.000014440888, 0.00009635278, 0.00003574441, 0.0000565867, 0.000034094726, 0.00023024078, 0.000032750326, 0.000052200332, 0.000011476919, 0.00030339777, 0.00005410626..., None)
176	extras.0.0.weight	Const(64,256,1,1,F32 0.0017814792, -0.0002640242, -0.0040961886, -0.0017353755, -0.0014886826, 0.0027096171, 0.00008762165, 0.0018231581, -0.003584897, 0.0012949671, -0.0029797629, -0.0014840087..., None)
177	extras.0.0.bias	Const(64,F32 0.0022949735, 0.0022116818, 0.0016372448, 0.0033845499, 0.0013775787, 0.002486376, 0.0022224612, 0.0059885047, 0.0010006953, -0.003911984, -0.00085783703, -0.06602065..., None)
178	extras.0.2.0.weight	Const(64,1,3,3,F32 -0.00092899567, 0.017269662, 0.00040762278, -0.014627648, -0.017520538, -0.018770799, 0.019673165, -0.010873031, -0.0123962, -0.012376023, -0.0076760696, -0.011044133..., None)
179	extras.0.2.0.bias	Const(64,F32 -0.0037202851, -0.00064063596, -0.005834315, -0.0075757145, 0.003969698, 0.059562616, 0.0010107071, 0.024321616, -0.014567036, 0.04154677, 0.0341586, -0.092594855..., None)
180	extras.0.2.2.weight	Const(256,64,1,1,F32 0.0018621704, -0.0009481497, -0.0026457708, 0.0036705388, -0.001329729, 0.00095630763, 0.0033970196, -0.0041891155, -0.00035374213, 0.004295855, 0.0045085545, -0.008201063..., None)
181	extras.0.2.2.bias	Const(256,F32 0.0028652395, 0.07945918, -0.019926481, 0.04904953, -0.005996733, 0.012511927, 0.026654646, -0.014179088, -0.00005994195, -0.01331955, 0.01856813, 0.12689835..., None)
182	classification_headers.0.0.weight	Const(64,1,3,3,F32 -0.039086875, 0.10225447, -0.031603105, 0.026169507, -0.04218875, 0.0021152506, 0.0036887878, -0.01332151, 0.0018921042, 0.0010244123, -0.028049542, -0.0047001354..., None)
183	classification_headers.0.0.bias	Const(64,F32 -0.06365497, -0.058121443, -1.1045954, 0.45615506, 0.13763249, 0.19928621, -0.345718, -0.038990762, 0.19355139, 0.13103257, 0.0008556449, -0.011276037..., None)
184	classification_headers.0.2.weight	Const(6,64,1,1,F32 -0.06316291, -0.0643181, -0.1928766, 0.25234196, -0.01394524, -0.08058094, 0.23183827, 0.003797143, 0.27462035, 0.0830563, -0.046429124, 0.08859621..., None)
185	classification_headers.0.2.bias	Const(6,F32 0.7497449, -0.7500502, 0.8851405, -0.8762473, 0.87496406, -0.8776148, None)
186	classification_headers.1.0.weight	Const(128,1,3,3,F32 -0.0073871966, -0.013797148, 0.0004589385, -0.03742909, -0.02607476, 0.017959097, -0.019557165, 0.0006864229, 0.0028837149, 0.0069136135, -0.014286702, -0.003108141..., None)
187	classification_headers.1.0.bias	Const(128,F32 0.10489366, -0.0062999995, 0.0022659316, 0.011529203, -0.03982145, 0.13026625, -0.04593632, -0.007985788, -0.0015330234, -0.0145585025, 0.043918077, -0.17047682..., None)
188	classification_headers.1.2.weight	Const(4,128,1,1,F32 0.06791482, -0.056504477, 0.0046174317, -0.0047614505, -0.03479212, 0.0868695, -0.056704037, -0.009763819, 0.0013792823, -0.008052361, 0.01988088, -0.20650199..., None)
189	classification_headers.1.2.bias	Const(4,F32 0.5208644, -0.52030563, 0.54932153, -0.54811734, None)
190	classification_headers.2.0.weight	Const(256,1,3,3,F32 -0.020055732, 0.0049227304, -0.021133663, 0.016661974, -0.019068683, -0.009793169, -0.0016027269, 0.015037365, 0.0025165621, 0.027666913, 0.026511913, -0.009573217..., None)
191	classification_headers.2.0.bias	Const(256,F32 -0.0050782003, 0.03568692, 0.12612301, -0.08734515, 0.13543484, 0.09582596, 0.36058652, -0.0039569796, -0.018123265, 0.026987482, -0.002963356, -0.014107187..., None)
192	classification_headers.2.2.weight	Const(4,256,1,1,F32 -0.0036932705, -0.0029773747, 0.07209387, -0.18494865, 0.21018907, 0.061244883, 0.36557966, 0.0011416532, -0.009719257, 0.01253987, 0.0029145873, 0.0045195227..., None)
193	classification_headers.2.2.bias	Const(4,F32 0.35183087, -0.35615632, 0.32544398, -0.32502195, None)
194	classification_headers.3.weight	Const(6,256,3,3,F32 0.0011263055, -0.000109252316, 0.00028057402, 0.0008078254, 0.00022017704, -0.00031130583, 0.0007937512, 0.0005587126, -0.0012928826, -0.0020333042, 0.02098287, -0.0017194473..., None)
195	classification_headers.3.bias	Const(6,F32 0.22819, -0.22877364, 0.16659968, -0.16845848, 0.17694728, -0.17640212, None)
196	regression_headers.0.0.weight	Const(64,1,3,3,F32 0.0046148086, -0.02464755, -0.012069307, 0.014563957, 1.049339, 0.02662804, 0.006159738, -0.025587982, 0.007788237, -0.000401037, 0.0076395576, -0.01509386..., None)
197	regression_headers.0.0.bias	Const(64,F32 -0.026919361, 0.01447233, 0.14719479, -0.022032257, -0.017022517, 0.016008565, 0.25474983, 0.28741363, -0.021235611, -0.020426523, 0.62617517, -0.162124..., None)
198	regression_headers.0.2.weight	Const(12,64,1,1,F32 -0.011288677, 1.1017681, 0.051006716, 0.011853535, 0.0018776504, 0.18538636, 0.04710775, -0.09396873, -0.004401062, -0.0009435025, -0.91299725, -0.005657095..., None)
199	regression_headers.0.2.bias	Const(12,F32 -0.069266, -0.18578422, -0.29209003, 0.27471948, -0.024219565, 0.0374872, -0.16916001, 0.49154663, 0.022283223, -0.07867959, -0.40850136, 0.31415662, None)
200	regression_headers.1.0.weight	Const(128,1,3,3,F32 -0.00010671744, 0.110980675, -0.032059446, -0.06786579, 0.5361267, -0.051459104, -0.03501827, 0.16815461, 0.02189093, 0.019567322, 0.019744845, -0.006096743..., None)
201	regression_headers.1.0.bias	Const(128,F32 -0.011521908, 0.009051223, -0.010588039, 0.006899143, -0.00017170669, 0.0041515836, 0.11261967, 0.091946244, -0.000007212709, 0.030756665, 0.042381976, 0.0032256541..., None)
202	regression_headers.1.2.weight	Const(8,128,1,1,F32 0.3834498, 0.001286825, -0.0023142695, 0.07478463, -0.42625636, -0.009790583, -0.40499154, -0.21421176, 0.0149059575, 0.27959424, -0.066495635, -0.0096197575..., None)
203	regression_headers.1.2.bias	Const(8,F32 -0.02425321, 0.049955525, -0.13386108, 0.016958514, -0.040380046, 0.013446594, -0.19070429, -0.024809686, None)
204	regression_headers.2.0.weight	Const(256,1,3,3,F32 0.09679021, -0.01650157, 0.014044635, 0.09126184, -0.05583475, 0.020129865, -0.03275811, -0.033615407, 0.038750872, 0.009391376, -0.013666454, 0.0047795326..., None)
205	regression_headers.2.0.bias	Const(256,F32 0.04228169, -0.0014029322, 0.08279598, -0.017273163, 0.011706139, 0.0030123007, -0.0017608983, 0.019408496, 0.036800224, 0.005220515, 0.07693973, 0.06768284..., None)
206	regression_headers.2.2.weight	Const(8,256,1,1,F32 -0.1249381, 0.00418111, -0.038191848, -0.0019291447, 0.023655245, 0.0008155344, -0.01851759, -0.0032703625, -0.0607777, 0.008697952, -0.07390581, -0.15749429..., None)
207	regression_headers.2.2.bias	Const(8,F32 -0.005533929, -0.007969822, -0.08212319, -0.017924497, 0.010892146, 0.010156529, -0.14233536, -0.13460729, None)
208	regression_headers.3.weight	Const(12,256,3,3,F32 0.0010951036, -0.0011115752, -0.00097193965, -0.00008806525, 0.0004152434, 0.00060164806, 0.00035593644, -0.0011951259, -0.0013829604, 0.0030303355, 0.004982661, -0.009243872..., None)
209	regression_headers.3.bias	Const(12,F32 -0.0035313251, 0.018673258, -0.02105142, -0.03645093, 0.006677427, 0.0129671665, -0.07788738, -0.08346351, 0.004929556, -0.004675613, -0.08275022, -0.07263672, None)
210	245	Conv { data_format: NCHW, kernel_fmt: OIHW, dilations: Some([1, 1]), kernel_shape: Some([3, 3]), padding: Explicit([1, 1], [1, 1]), strides: Some([2, 2]), group: Some(1), x_scale_input: None, x_zero_point_input: None, k_input: None, k_scale_input: None, k_zero_point_input: None, y_scale_input: None, y_zero_point_input: None, bias_input: None, override_output_datum_type: None }
211	246	BatchNorm { data_format: NCHW, epsilon: 1e-5, spatial: true }
212	247	Clip(Some(0.0), None)
213	248	Conv { data_format: NCHW, kernel_fmt: OIHW, dilations: Some([1, 1]), kernel_shape: Some([3, 3]), padding: Explicit([1, 1], [1, 1]), strides: Some([1, 1]), group: Some(16), x_scale_input: None, x_zero_point_input: None, k_input: None, k_scale_input: None, k_zero_point_input: None, y_scale_input: None, y_zero_point_input: None, bias_input: None, override_output_datum_type: None }
214	249	BatchNorm { data_format: NCHW, epsilon: 1e-5, spatial: true }
215	250	Clip(Some(0.0), None)
216	251	Conv { data_format: NCHW, kernel_fmt: OIHW, dilations: Some([1, 1]), kernel_shape: Some([1, 1]), padding: Explicit([0, 0], [0, 0]), strides: Some([1, 1]), group: Some(1), x_scale_input: None, x_zero_point_input: None, k_input: None, k_scale_input: None, k_zero_point_input: None, y_scale_input: None, y_zero_point_input: None, bias_input: None, override_output_datum_type: None }
217	252	BatchNorm { data_format: NCHW, epsilon: 1e-5, spatial: true }
218	253	Clip(Some(0.0), None)
219	254	Conv { data_format: NCHW, kernel_fmt: OIHW, dilations: Some([1, 1]), kernel_shape: Some([3, 3]), padding: Explicit([1, 1], [1, 1]), strides: Some([2, 2]), group: Some(32), x_scale_input: None, x_zero_point_input: None, k_input: None, k_scale_input: None, k_zero_point_input: None, y_scale_input: None, y_zero_point_input: None, bias_input: None, override_output_datum_type: None }
220	255	BatchNorm { data_format: NCHW, epsilon: 1e-5, spatial: true }
221	256	Clip(Some(0.0), None)
222	257	Conv { data_format: NCHW, kernel_fmt: OIHW, dilations: Some([1, 1]), kernel_shape: Some([1, 1]), padding: Explicit([0, 0], [0, 0]), strides: Some([1, 1]), group: Some(1), x_scale_input: None, x_zero_point_input: None, k_input: None, k_scale_input: None, k_zero_point_input: None, y_scale_input: None, y_zero_point_input: None, bias_input: None, override_output_datum_type: None }
223	258	BatchNorm { data_format: NCHW, epsilon: 1e-5, spatial: true }
224	259	Clip(Some(0.0), None)
225	260	Conv { data_format: NCHW, kernel_fmt: OIHW, dilations: Some([1, 1]), kernel_shape: Some([3, 3]), padding: Explicit([1, 1], [1, 1]), strides: Some([1, 1]), group: Some(32), x_scale_input: None, x_zero_point_input: None, k_input: None, k_scale_input: None, k_zero_point_input: None, y_scale_input: None, y_zero_point_input: None, bias_input: None, override_output_datum_type: None }
226	261	BatchNorm { data_format: NCHW, epsilon: 1e-5, spatial: true }
227	262	Clip(Some(0.0), None)
228	263	Conv { data_format: NCHW, kernel_fmt: OIHW, dilations: Some([1, 1]), kernel_shape: Some([1, 1]), padding: Explicit([0, 0], [0, 0]), strides: Some([1, 1]), group: Some(1), x_scale_input: None, x_zero_point_input: None, k_input: None, k_scale_input: None, k_zero_point_input: None, y_scale_input: None, y_zero_point_input: None, bias_input: None, override_output_datum_type: None }
229	264	BatchNorm { data_format: NCHW, epsilon: 1e-5, spatial: true }
230	265	Clip(Some(0.0), None)
231	266	Conv { data_format: NCHW, kernel_fmt: OIHW, dilations: Some([1, 1]), kernel_shape: Some([3, 3]), padding: Explicit([1, 1], [1, 1]), strides: Some([2, 2]), group: Some(32), x_scale_input: None, x_zero_point_input: None, k_input: None, k_scale_input: None, k_zero_point_input: None, y_scale_input: None, y_zero_point_input: None, bias_input: None, override_output_datum_type: None }
232	267	BatchNorm { data_format: NCHW, epsilon: 1e-5, spatial: true }
233	268	Clip(Some(0.0), None)
234	269	Conv { data_format: NCHW, kernel_fmt: OIHW, dilations: Some([1, 1]), kernel_shape: Some([1, 1]), padding: Explicit([0, 0], [0, 0]), strides: Some([1, 1]), group: Some(1), x_scale_input: None, x_zero_point_input: None, k_input: None, k_scale_input: None, k_zero_point_input: None, y_scale_input: None, y_zero_point_input: None, bias_input: None, override_output_datum_type: None }
235	270	BatchNorm { data_format: NCHW, epsilon: 1e-5, spatial: true }
236	271	Clip(Some(0.0), None)
237	272	Conv { data_format: NCHW, kernel_fmt: OIHW, dilations: Some([1, 1]), kernel_shape: Some([3, 3]), padding: Explicit([1, 1], [1, 1]), strides: Some([1, 1]), group: Some(64), x_scale_input: None, x_zero_point_input: None, k_input: None, k_scale_input: None, k_zero_point_input: None, y_scale_input: None, y_zero_point_input: None, bias_input: None, override_output_datum_type: None }
238	273	BatchNorm { data_format: NCHW, epsilon: 1e-5, spatial: true }
239	274	Clip(Some(0.0), None)
240	275	Conv { data_format: NCHW, kernel_fmt: OIHW, dilations: Some([1, 1]), kernel_shape: Some([1, 1]), padding: Explicit([0, 0], [0, 0]), strides: Some([1, 1]), group: Some(1), x_scale_input: None, x_zero_point_input: None, k_input: None, k_scale_input: None, k_zero_point_input: None, y_scale_input: None, y_zero_point_input: None, bias_input: None, override_output_datum_type: None }
241	276	BatchNorm { data_format: NCHW, epsilon: 1e-5, spatial: true }
242	277	Clip(Some(0.0), None)
243	278	Conv { data_format: NCHW, kernel_fmt: OIHW, dilations: Some([1, 1]), kernel_shape: Some([3, 3]), padding: Explicit([1, 1], [1, 1]), strides: Some([1, 1]), group: Some(64), x_scale_input: None, x_zero_point_input: None, k_input: None, k_scale_input: None, k_zero_point_input: None, y_scale_input: None, y_zero_point_input: None, bias_input: None, override_output_datum_type: None }
244	279	BatchNorm { data_format: NCHW, epsilon: 1e-5, spatial: true }
245	280	Clip(Some(0.0), None)
246	281	Conv { data_format: NCHW, kernel_fmt: OIHW, dilations: Some([1, 1]), kernel_shape: Some([1, 1]), padding: Explicit([0, 0], [0, 0]), strides: Some([1, 1]), group: Some(1), x_scale_input: None, x_zero_point_input: None, k_input: None, k_scale_input: None, k_zero_point_input: None, y_scale_input: None, y_zero_point_input: None, bias_input: None, override_output_datum_type: None }
247	282	BatchNorm { data_format: NCHW, epsilon: 1e-5, spatial: true }
248	283	Clip(Some(0.0), None)
249	284	Conv { data_format: NCHW, kernel_fmt: OIHW, dilations: Some([1, 1]), kernel_shape: Some([1, 1]), padding: Explicit([0, 0], [0, 0]), strides: Some([1, 1]), group: Some(1), x_scale_input: None, x_zero_point_input: None, k_input: None, k_scale_input: None, k_zero_point_input: None, y_scale_input: None, y_zero_point_input: None, bias_input: None, override_output_datum_type: None }
250	285	BatchNorm { data_format: NCHW, epsilon: 1e-5, spatial: true }
251	286	Conv { data_format: NCHW, kernel_fmt: OIHW, dilations: Some([1, 1]), kernel_shape: Some([3, 3]), padding: Explicit([1, 1], [1, 1]), strides: Some([1, 1]), group: Some(1), x_scale_input: None, x_zero_point_input: None, k_input: None, k_scale_input: None, k_zero_point_input: None, y_scale_input: None, y_zero_point_input: None, bias_input: None, override_output_datum_type: None }
252	287	BatchNorm { data_format: NCHW, epsilon: 1e-5, spatial: true }
253	288	Clip(Some(0.0), None)
254	289	Conv { data_format: NCHW, kernel_fmt: OIHW, dilations: Some([2, 2]), kernel_shape: Some([3, 3]), padding: Explicit([2, 2], [2, 2]), strides: Some([1, 1]), group: Some(1), x_scale_input: None, x_zero_point_input: None, k_input: None, k_scale_input: None, k_zero_point_input: None, y_scale_input: None, y_zero_point_input: None, bias_input: None, override_output_datum_type: None }
255	290	BatchNorm { data_format: NCHW, epsilon: 1e-5, spatial: true }
256	291	Conv { data_format: NCHW, kernel_fmt: OIHW, dilations: Some([1, 1]), kernel_shape: Some([1, 1]), padding: Explicit([0, 0], [0, 0]), strides: Some([1, 1]), group: Some(1), x_scale_input: None, x_zero_point_input: None, k_input: None, k_scale_input: None, k_zero_point_input: None, y_scale_input: None, y_zero_point_input: None, bias_input: None, override_output_datum_type: None }
257	292	BatchNorm { data_format: NCHW, epsilon: 1e-5, spatial: true }
258	293	Conv { data_format: NCHW, kernel_fmt: OIHW, dilations: Some([1, 1]), kernel_shape: Some([3, 3]), padding: Explicit([1, 1], [1, 1]), strides: Some([1, 1]), group: Some(1), x_scale_input: None, x_zero_point_input: None, k_input: None, k_scale_input: None, k_zero_point_input: None, y_scale_input: None, y_zero_point_input: None, bias_input: None, override_output_datum_type: None }
259	294	BatchNorm { data_format: NCHW, epsilon: 1e-5, spatial: true }
260	295	Clip(Some(0.0), None)
261	296	Conv { data_format: NCHW, kernel_fmt: OIHW, dilations: Some([3, 3]), kernel_shape: Some([3, 3]), padding: Explicit([3, 3], [3, 3]), strides: Some([1, 1]), group: Some(1), x_scale_input: None, x_zero_point_input: None, k_input: None, k_scale_input: None, k_zero_point_input: None, y_scale_input: None, y_zero_point_input: None, bias_input: None, override_output_datum_type: None }
262	297	BatchNorm { data_format: NCHW, epsilon: 1e-5, spatial: true }
263	298	Conv { data_format: NCHW, kernel_fmt: OIHW, dilations: Some([1, 1]), kernel_shape: Some([1, 1]), padding: Explicit([0, 0], [0, 0]), strides: Some([1, 1]), group: Some(1), x_scale_input: None, x_zero_point_input: None, k_input: None, k_scale_input: None, k_zero_point_input: None, y_scale_input: None, y_zero_point_input: None, bias_input: None, override_output_datum_type: None }
264	299	BatchNorm { data_format: NCHW, epsilon: 1e-5, spatial: true }
265	300	Conv { data_format: NCHW, kernel_fmt: OIHW, dilations: Some([1, 1]), kernel_shape: Some([3, 3]), padding: Explicit([1, 1], [1, 1]), strides: Some([1, 1]), group: Some(1), x_scale_input: None, x_zero_point_input: None, k_input: None, k_scale_input: None, k_zero_point_input: None, y_scale_input: None, y_zero_point_input: None, bias_input: None, override_output_datum_type: None }
266	301	BatchNorm { data_format: NCHW, epsilon: 1e-5, spatial: true }
267	302	Clip(Some(0.0), None)
268	303	Conv { data_format: NCHW, kernel_fmt: OIHW, dilations: Some([1, 1]), kernel_shape: Some([3, 3]), padding: Explicit([1, 1], [1, 1]), strides: Some([1, 1]), group: Some(1), x_scale_input: None, x_zero_point_input: None, k_input: None, k_scale_input: None, k_zero_point_input: None, y_scale_input: None, y_zero_point_input: None, bias_input: None, override_output_datum_type: None }
269	304	BatchNorm { data_format: NCHW, epsilon: 1e-5, spatial: true }
270	305	Clip(Some(0.0), None)
271	306	Conv { data_format: NCHW, kernel_fmt: OIHW, dilations: Some([5, 5]), kernel_shape: Some([3, 3]), padding: Explicit([5, 5], [5, 5]), strides: Some([1, 1]), group: Some(1), x_scale_input: None, x_zero_point_input: None, k_input: None, k_scale_input: None, k_zero_point_input: None, y_scale_input: None, y_zero_point_input: None, bias_input: None, override_output_datum_type: None }
272	307	BatchNorm { data_format: NCHW, epsilon: 1e-5, spatial: true }
273	308	Concat { axis: 1 }
274	309	Conv { data_format: NCHW, kernel_fmt: OIHW, dilations: Some([1, 1]), kernel_shape: Some([1, 1]), padding: Explicit([0, 0], [0, 0]), strides: Some([1, 1]), group: Some(1), x_scale_input: None, x_zero_point_input: None, k_input: None, k_scale_input: None, k_zero_point_input: None, y_scale_input: None, y_zero_point_input: None, bias_input: None, override_output_datum_type: None }
275	310	BatchNorm { data_format: NCHW, epsilon: 1e-5, spatial: true }
276	311	Conv { data_format: NCHW, kernel_fmt: OIHW, dilations: Some([1, 1]), kernel_shape: Some([1, 1]), padding: Explicit([0, 0], [0, 0]), strides: Some([1, 1]), group: Some(1), x_scale_input: None, x_zero_point_input: None, k_input: None, k_scale_input: None, k_zero_point_input: None, y_scale_input: None, y_zero_point_input: None, bias_input: None, override_output_datum_type: None }
277	312	BatchNorm { data_format: NCHW, epsilon: 1e-5, spatial: true }
278	313	InferenceBinOp(Add)
279	314	Clip(Some(0.0), None)
280	315	Conv { data_format: NCHW, kernel_fmt: OIHW, dilations: Some([1, 1]), kernel_shape: Some([3, 3]), padding: Explicit([1, 1], [1, 1]), strides: Some([1, 1]), group: Some(64), x_scale_input: None, x_zero_point_input: None, k_input: None, k_scale_input: None, k_zero_point_input: None, y_scale_input: None, y_zero_point_input: None, bias_input: Some(2), override_output_datum_type: None }
281	316	Clip(Some(0.0), None)
282	317	Conv { data_format: NCHW, kernel_fmt: OIHW, dilations: Some([1, 1]), kernel_shape: Some([1, 1]), padding: Explicit([0, 0], [0, 0]), strides: Some([1, 1]), group: Some(1), x_scale_input: None, x_zero_point_input: None, k_input: None, k_scale_input: None, k_zero_point_input: None, y_scale_input: None, y_zero_point_input: None, bias_input: Some(2), override_output_datum_type: None }
283	318	PermuteAxes { axes: Some([0, 2, 3, 1]) }
284	319	Const(,I64 0, None)
285	320	Shape { start: 0, end: None }
286	321	Gather { axis: 0 }
287	322	Const(,I64 -1, None)
288	323	Const(,I64 2, None)
289	324	AddDims { axes: [0] }
290	325	AddDims { axes: [0] }
291	326	AddDims { axes: [0] }
292	327	Concat { axis: 0 }
293	328	Reshape
294	329	Conv { data_format: NCHW, kernel_fmt: OIHW, dilations: Some([1, 1]), kernel_shape: Some([3, 3]), padding: Explicit([1, 1], [1, 1]), strides: Some([1, 1]), group: Some(64), x_scale_input: None, x_zero_point_input: None, k_input: None, k_scale_input: None, k_zero_point_input: None, y_scale_input: None, y_zero_point_input: None, bias_input: Some(2), override_output_datum_type: None }
295	330	Clip(Some(0.0), None)
296	331	Conv { data_format: NCHW, kernel_fmt: OIHW, dilations: Some([1, 1]), kernel_shape: Some([1, 1]), padding: Explicit([0, 0], [0, 0]), strides: Some([1, 1]), group: Some(1), x_scale_input: None, x_zero_point_input: None, k_input: None, k_scale_input: None, k_zero_point_input: None, y_scale_input: None, y_zero_point_input: None, bias_input: Some(2), override_output_datum_type: None }
297	332	PermuteAxes { axes: Some([0, 2, 3, 1]) }
298	333	Const(,I64 0, None)
299	334	Shape { start: 0, end: None }
300	335	Gather { axis: 0 }
301	336	Const(,I64 -1, None)
302	337	Const(,I64 4, None)
303	338	AddDims { axes: [0] }
304	339	AddDims { axes: [0] }
305	340	AddDims { axes: [0] }
306	341	Concat { axis: 0 }
307	342	Reshape
308	343	Conv { data_format: NCHW, kernel_fmt: OIHW, dilations: Some([1, 1]), kernel_shape: Some([3, 3]), padding: Explicit([1, 1], [1, 1]), strides: Some([2, 2]), group: Some(64), x_scale_input: None, x_zero_point_input: None, k_input: None, k_scale_input: None, k_zero_point_input: None, y_scale_input: None, y_zero_point_input: None, bias_input: None, override_output_datum_type: None }
309	344	BatchNorm { data_format: NCHW, epsilon: 1e-5, spatial: true }
310	345	Clip(Some(0.0), None)
311	346	Conv { data_format: NCHW, kernel_fmt: OIHW, dilations: Some([1, 1]), kernel_shape: Some([1, 1]), padding: Explicit([0, 0], [0, 0]), strides: Some([1, 1]), group: Some(1), x_scale_input: None, x_zero_point_input: None, k_input: None, k_scale_input: None, k_zero_point_input: None, y_scale_input: None, y_zero_point_input: None, bias_input: None, override_output_datum_type: None }
312	347	BatchNorm { data_format: NCHW, epsilon: 1e-5, spatial: true }
313	348	Clip(Some(0.0), None)
314	349	Conv { data_format: NCHW, kernel_fmt: OIHW, dilations: Some([1, 1]), kernel_shape: Some([3, 3]), padding: Explicit([1, 1], [1, 1]), strides: Some([1, 1]), group: Some(128), x_scale_input: None, x_zero_point_input: None, k_input: None, k_scale_input: None, k_zero_point_input: None, y_scale_input: None, y_zero_point_input: None, bias_input: None, override_output_datum_type: None }
315	350	BatchNorm { data_format: NCHW, epsilon: 1e-5, spatial: true }
316	351	Clip(Some(0.0), None)
317	352	Conv { data_format: NCHW, kernel_fmt: OIHW, dilations: Some([1, 1]), kernel_shape: Some([1, 1]), padding: Explicit([0, 0], [0, 0]), strides: Some([1, 1]), group: Some(1), x_scale_input: None, x_zero_point_input: None, k_input: None, k_scale_input: None, k_zero_point_input: None, y_scale_input: None, y_zero_point_input: None, bias_input: None, override_output_datum_type: None }
318	353	BatchNorm { data_format: NCHW, epsilon: 1e-5, spatial: true }
319	354	Clip(Some(0.0), None)
320	355	Conv { data_format: NCHW, kernel_fmt: OIHW, dilations: Some([1, 1]), kernel_shape: Some([3, 3]), padding: Explicit([1, 1], [1, 1]), strides: Some([1, 1]), group: Some(128), x_scale_input: None, x_zero_point_input: None, k_input: None, k_scale_input: None, k_zero_point_input: None, y_scale_input: None, y_zero_point_input: None, bias_input: None, override_output_datum_type: None }
321	356	BatchNorm { data_format: NCHW, epsilon: 1e-5, spatial: true }
322	357	Clip(Some(0.0), None)
323	358	Conv { data_format: NCHW, kernel_fmt: OIHW, dilations: Some([1, 1]), kernel_shape: Some([1, 1]), padding: Explicit([0, 0], [0, 0]), strides: Some([1, 1]), group: Some(1), x_scale_input: None, x_zero_point_input: None, k_input: None, k_scale_input: None, k_zero_point_input: None, y_scale_input: None, y_zero_point_input: None, bias_input: None, override_output_datum_type: None }
324	359	BatchNorm { data_format: NCHW, epsilon: 1e-5, spatial: true }
325	360	Clip(Some(0.0), None)
326	361	Conv { data_format: NCHW, kernel_fmt: OIHW, dilations: Some([1, 1]), kernel_shape: Some([3, 3]), padding: Explicit([1, 1], [1, 1]), strides: Some([1, 1]), group: Some(128), x_scale_input: None, x_zero_point_input: None, k_input: None, k_scale_input: None, k_zero_point_input: None, y_scale_input: None, y_zero_point_input: None, bias_input: Some(2), override_output_datum_type: None }
327	362	Clip(Some(0.0), None)
328	363	Conv { data_format: NCHW, kernel_fmt: OIHW, dilations: Some([1, 1]), kernel_shape: Some([1, 1]), padding: Explicit([0, 0], [0, 0]), strides: Some([1, 1]), group: Some(1), x_scale_input: None, x_zero_point_input: None, k_input: None, k_scale_input: None, k_zero_point_input: None, y_scale_input: None, y_zero_point_input: None, bias_input: Some(2), override_output_datum_type: None }
329	364	PermuteAxes { axes: Some([0, 2, 3, 1]) }
330	365	Const(,I64 0, None)
331	366	Shape { start: 0, end: None }
332	367	Gather { axis: 0 }
333	368	Const(,I64 -1, None)
334	369	Const(,I64 2, None)
335	370	AddDims { axes: [0] }
336	371	AddDims { axes: [0] }
337	372	AddDims { axes: [0] }
338	373	Concat { axis: 0 }
339	374	Reshape
340	375	Conv { data_format: NCHW, kernel_fmt: OIHW, dilations: Some([1, 1]), kernel_shape: Some([3, 3]), padding: Explicit([1, 1], [1, 1]), strides: Some([1, 1]), group: Some(128), x_scale_input: None, x_zero_point_input: None, k_input: None, k_scale_input: None, k_zero_point_input: None, y_scale_input: None, y_zero_point_input: None, bias_input: Some(2), override_output_datum_type: None }
341	376	Clip(Some(0.0), None)
342	377	Conv { data_format: NCHW, kernel_fmt: OIHW, dilations: Some([1, 1]), kernel_shape: Some([1, 1]), padding: Explicit([0, 0], [0, 0]), strides: Some([1, 1]), group: Some(1), x_scale_input: None, x_zero_point_input: None, k_input: None, k_scale_input: None, k_zero_point_input: None, y_scale_input: None, y_zero_point_input: None, bias_input: Some(2), override_output_datum_type: None }
343	378	PermuteAxes { axes: Some([0, 2, 3, 1]) }
344	379	Const(,I64 0, None)
345	380	Shape { start: 0, end: None }
346	381	Gather { axis: 0 }
347	382	Const(,I64 -1, None)
348	383	Const(,I64 4, None)
349	384	AddDims { axes: [0] }
350	385	AddDims { axes: [0] }
351	386	AddDims { axes: [0] }
352	387	Concat { axis: 0 }
353	388	Reshape
354	389	Conv { data_format: NCHW, kernel_fmt: OIHW, dilations: Some([1, 1]), kernel_shape: Some([3, 3]), padding: Explicit([1, 1], [1, 1]), strides: Some([2, 2]), group: Some(128), x_scale_input: None, x_zero_point_input: None, k_input: None, k_scale_input: None, k_zero_point_input: None, y_scale_input: None, y_zero_point_input: None, bias_input: None, override_output_datum_type: None }
355	390	BatchNorm { data_format: NCHW, epsilon: 1e-5, spatial: true }
356	391	Clip(Some(0.0), None)
357	392	Conv { data_format: NCHW, kernel_fmt: OIHW, dilations: Some([1, 1]), kernel_shape: Some([1, 1]), padding: Explicit([0, 0], [0, 0]), strides: Some([1, 1]), group: Some(1), x_scale_input: None, x_zero_point_input: None, k_input: None, k_scale_input: None, k_zero_point_input: None, y_scale_input: None, y_zero_point_input: None, bias_input: None, override_output_datum_type: None }
358	393	BatchNorm { data_format: NCHW, epsilon: 1e-5, spatial: true }
359	394	Clip(Some(0.0), None)
360	395	Conv { data_format: NCHW, kernel_fmt: OIHW, dilations: Some([1, 1]), kernel_shape: Some([3, 3]), padding: Explicit([1, 1], [1, 1]), strides: Some([1, 1]), group: Some(256), x_scale_input: None, x_zero_point_input: None, k_input: None, k_scale_input: None, k_zero_point_input: None, y_scale_input: None, y_zero_point_input: None, bias_input: None, override_output_datum_type: None }
361	396	BatchNorm { data_format: NCHW, epsilon: 1e-5, spatial: true }
362	397	Clip(Some(0.0), None)
363	398	Conv { data_format: NCHW, kernel_fmt: OIHW, dilations: Some([1, 1]), kernel_shape: Some([1, 1]), padding: Explicit([0, 0], [0, 0]), strides: Some([1, 1]), group: Some(1), x_scale_input: None, x_zero_point_input: None, k_input: None, k_scale_input: None, k_zero_point_input: None, y_scale_input: None, y_zero_point_input: None, bias_input: None, override_output_datum_type: None }
364	399	BatchNorm { data_format: NCHW, epsilon: 1e-5, spatial: true }
365	400	Clip(Some(0.0), None)
366	401	Conv { data_format: NCHW, kernel_fmt: OIHW, dilations: Some([1, 1]), kernel_shape: Some([3, 3]), padding: Explicit([1, 1], [1, 1]), strides: Some([1, 1]), group: Some(256), x_scale_input: None, x_zero_point_input: None, k_input: None, k_scale_input: None, k_zero_point_input: None, y_scale_input: None, y_zero_point_input: None, bias_input: Some(2), override_output_datum_type: None }
367	402	Clip(Some(0.0), None)
368	403	Conv { data_format: NCHW, kernel_fmt: OIHW, dilations: Some([1, 1]), kernel_shape: Some([1, 1]), padding: Explicit([0, 0], [0, 0]), strides: Some([1, 1]), group: Some(1), x_scale_input: None, x_zero_point_input: None, k_input: None, k_scale_input: None, k_zero_point_input: None, y_scale_input: None, y_zero_point_input: None, bias_input: Some(2), override_output_datum_type: None }
369	404	PermuteAxes { axes: Some([0, 2, 3, 1]) }
370	405	Const(,I64 0, None)
371	406	Shape { start: 0, end: None }
372	407	Gather { axis: 0 }
373	408	Const(,I64 -1, None)
374	409	Const(,I64 2, None)
375	410	AddDims { axes: [0] }
376	411	AddDims { axes: [0] }
377	412	AddDims { axes: [0] }
378	413	Concat { axis: 0 }
379	414	Reshape
380	415	Conv { data_format: NCHW, kernel_fmt: OIHW, dilations: Some([1, 1]), kernel_shape: Some([3, 3]), padding: Explicit([1, 1], [1, 1]), strides: Some([1, 1]), group: Some(256), x_scale_input: None, x_zero_point_input: None, k_input: None, k_scale_input: None, k_zero_point_input: None, y_scale_input: None, y_zero_point_input: None, bias_input: Some(2), override_output_datum_type: None }
381	416	Clip(Some(0.0), None)
382	417	Conv { data_format: NCHW, kernel_fmt: OIHW, dilations: Some([1, 1]), kernel_shape: Some([1, 1]), padding: Explicit([0, 0], [0, 0]), strides: Some([1, 1]), group: Some(1), x_scale_input: None, x_zero_point_input: None, k_input: None, k_scale_input: None, k_zero_point_input: None, y_scale_input: None, y_zero_point_input: None, bias_input: Some(2), override_output_datum_type: None }
383	418	PermuteAxes { axes: Some([0, 2, 3, 1]) }
384	419	Const(,I64 0, None)
385	420	Shape { start: 0, end: None }
386	421	Gather { axis: 0 }
387	422	Const(,I64 -1, None)
388	423	Const(,I64 4, None)
389	424	AddDims { axes: [0] }
390	425	AddDims { axes: [0] }
391	426	AddDims { axes: [0] }
392	427	Concat { axis: 0 }
393	428	Reshape
394	429	Conv { data_format: NCHW, kernel_fmt: OIHW, dilations: Some([1, 1]), kernel_shape: Some([1, 1]), padding: Explicit([0, 0], [0, 0]), strides: Some([1, 1]), group: Some(1), x_scale_input: None, x_zero_point_input: None, k_input: None, k_scale_input: None, k_zero_point_input: None, y_scale_input: None, y_zero_point_input: None, bias_input: Some(2), override_output_datum_type: None }
395	430	Clip(Some(0.0), None)
396	431	Conv { data_format: NCHW, kernel_fmt: OIHW, dilations: Some([1, 1]), kernel_shape: Some([3, 3]), padding: Explicit([1, 1], [1, 1]), strides: Some([2, 2]), group: Some(64), x_scale_input: None, x_zero_point_input: None, k_input: None, k_scale_input: None, k_zero_point_input: None, y_scale_input: None, y_zero_point_input: None, bias_input: Some(2), override_output_datum_type: None }
397	432	Clip(Some(0.0), None)
398	433	Conv { data_format: NCHW, kernel_fmt: OIHW, dilations: Some([1, 1]), kernel_shape: Some([1, 1]), padding: Explicit([0, 0], [0, 0]), strides: Some([1, 1]), group: Some(1), x_scale_input: None, x_zero_point_input: None, k_input: None, k_scale_input: None, k_zero_point_input: None, y_scale_input: None, y_zero_point_input: None, bias_input: Some(2), override_output_datum_type: None }
399	434	Clip(Some(0.0), None)
400	435	Conv { data_format: NCHW, kernel_fmt: OIHW, dilations: Some([1, 1]), kernel_shape: Some([3, 3]), padding: Explicit([1, 1], [1, 1]), strides: Some([1, 1]), group: Some(1), x_scale_input: None, x_zero_point_input: None, k_input: None, k_scale_input: None, k_zero_point_input: None, y_scale_input: None, y_zero_point_input: None, bias_input: Some(2), override_output_datum_type: None }
401	436	PermuteAxes { axes: Some([0, 2, 3, 1]) }
402	437	Const(,I64 0, None)
403	438	Shape { start: 0, end: None }
404	439	Gather { axis: 0 }
405	440	Const(,I64 -1, None)
406	441	Const(,I64 2, None)
407	442	AddDims { axes: [0] }
408	443	AddDims { axes: [0] }
409	444	AddDims { axes: [0] }
410	445	Concat { axis: 0 }
411	446	Reshape
412	447	Conv { data_format: NCHW, kernel_fmt: OIHW, dilations: Some([1, 1]), kernel_shape: Some([3, 3]), padding: Explicit([1, 1], [1, 1]), strides: Some([1, 1]), group: Some(1), x_scale_input: None, x_zero_point_input: None, k_input: None, k_scale_input: None, k_zero_point_input: None, y_scale_input: None, y_zero_point_input: None, bias_input: Some(2), override_output_datum_type: None }
413	448	PermuteAxes { axes: Some([0, 2, 3, 1]) }
414	449	Const(,I64 0, None)
415	450	Shape { start: 0, end: None }
416	451	Gather { axis: 0 }
417	452	Const(,I64 -1, None)
418	453	Const(,I64 4, None)
419	454	AddDims { axes: [0] }
420	455	AddDims { axes: [0] }
421	456	AddDims { axes: [0] }
422	457	Concat { axis: 0 }
423	458	Reshape
424	459	Concat { axis: 1 }
425	460	Concat { axis: 1 }
426	scores	LayerSoftmax { axis: 2, coerce_to_2d: true }
427	462	Slice1 { axes: Some([2]), starts: [0], ends: [2] }
428	463	Const(,F32 0.1, None)
429	464	InferenceBinOp(Mul)
430	465	Const(1,4420,2,F32 0.03125, 0.041666668, 0.05, 0.06666667, 0.075, 0.1, 0.03125, 0.041666668, 0.05, 0.06666667, 0.075, 0.1..., None)
431	466	InferenceBinOp(Mul)
432	467	Const(1,4420,2,F32 0.0125, 0.016666668, 0.0125, 0.016666668, 0.0125, 0.016666668, 0.0375, 0.016666668, 0.0375, 0.016666668, 0.0375, 0.016666668..., None)
433	468	InferenceBinOp(Add)
434	469	Slice1 { axes: Some([2]), starts: [2], ends: [9223372036854775807] }
435	470	Const(,F32 0.2, None)
436	471	InferenceBinOp(Mul)
437	472	ElementWiseOp(Exp)
438	473	Const(1,4420,2,F32 0.03125, 0.041666668, 0.05, 0.06666667, 0.075, 0.1, 0.03125, 0.041666668, 0.05, 0.06666667, 0.075, 0.1..., None)
439	474	InferenceBinOp(Mul)
440	475	Concat { axis: 2 }
441	476	Slice1 { axes: Some([2]), starts: [0], ends: [2] }
442	477	Slice1 { axes: Some([2]), starts: [2], ends: [9223372036854775807] }
443	478	Const(,F32 2, None)
444	479	InferenceBinOp(Div)
445	480	InferenceBinOp(Sub)
446	481	Slice1 { axes: Some([2]), starts: [0], ends: [2] }
447	482	Slice1 { axes: Some([2]), starts: [2], ends: [9223372036854775807] }
448	483	Const(,F32 2, None)
449	484	InferenceBinOp(Div)
450	485	InferenceBinOp(Add)
451	boxes	Concat { axis: 2 }
